Date,Open,High,Low,Close,Adj Close,Volume
2020-01-02 00:00:00-05:00,158.77999877929688,160.72999572753906,158.3300018310547,160.6199951171875,156.15194702148438,22622100
2020-01-03 00:00:00-05:00,158.32000732421875,159.9499969482422,158.05999755859375,158.6199951171875,154.20758056640625,21116200
2020-01-06 00:00:00-05:00,157.0800018310547,159.10000610351562,156.50999450683594,159.02999877929688,154.6061553955078,20813700
2020-01-07 00:00:00-05:00,159.32000732421875,159.6699981689453,157.32000732421875,157.5800018310547,153.19650268554688,21634100
2020-01-08 00:00:00-05:00,158.92999267578125,160.8000030517578,157.9499969482422,160.08999633789062,155.63670349121094,27746500
2020-01-09 00:00:00-05:00,161.83999633789062,162.22000122070312,161.02999877929688,162.08999633789062,157.58103942871094,21385000
2020-01-10 00:00:00-05:00,162.82000732421875,163.22000122070312,161.17999267578125,161.33999633789062,156.85189819335938,20725900
2020-01-13 00:00:00-05:00,161.75999450683594,163.30999755859375,161.25999450683594,163.27999877929688,158.7379608154297,21626500
2020-01-14 00:00:00-05:00,163.38999938964844,163.60000610351562,161.72000122070312,162.1300048828125,157.61993408203125,23477400
2020-01-15 00:00:00-05:00,162.6199951171875,163.94000244140625,162.57000732421875,163.17999267578125,158.64071655273438,21417900
2020-01-16 00:00:00-05:00,164.35000610351562,166.24000549316406,164.02999877929688,166.1699981689453,161.54754638671875,23865400
2020-01-17 00:00:00-05:00,167.4199981689453,167.47000122070312,165.42999267578125,167.10000610351562,162.45169067382812,34371700
2020-01-21 00:00:00-05:00,166.67999267578125,168.19000244140625,166.42999267578125,166.5,161.86834716796875,29517200
2020-01-22 00:00:00-05:00,167.39999389648438,167.49000549316406,165.67999267578125,165.6999969482422,161.09063720703125,24138800
2020-01-23 00:00:00-05:00,166.19000244140625,166.8000030517578,165.27000427246094,166.72000122070312,162.0822296142578,19680800
2020-01-24 00:00:00-05:00,167.50999450683594,167.52999877929688,164.4499969482422,165.0399932861328,160.448974609375,24918100
2020-01-27 00:00:00-05:00,161.14999389648438,163.3800048828125,160.1999969482422,162.27999877929688,157.7657928466797,32078100
2020-01-28 00:00:00-05:00,163.77999877929688,165.75999450683594,163.07000732421875,165.4600067138672,160.85731506347656,24899900
2020-01-29 00:00:00-05:00,167.83999633789062,168.75,165.69000244140625,168.0399932861328,163.3655242919922,34754500
2020-01-30 00:00:00-05:00,174.0500030517578,174.0500030517578,170.7899932861328,172.77999877929688,167.9736785888672,51597500
2020-01-31 00:00:00-05:00,172.2100067138672,172.39999389648438,169.5800018310547,170.22999572753906,165.4945831298828,36142700
2020-02-03 00:00:00-05:00,170.42999267578125,174.5,170.39999389648438,174.3800048828125,169.52919006347656,30107000
2020-02-04 00:00:00-05:00,177.13999938964844,180.63999938964844,176.30999755859375,180.1199951171875,175.10951232910156,36433300
2020-02-05 00:00:00-05:00,184.02999877929688,184.1999969482422,178.41000366210938,179.89999389648438,174.89564514160156,39186300
2020-02-06 00:00:00-05:00,180.97000122070312,183.82000732421875,180.05999755859375,183.6300048828125,178.5218963623047,27751400
2020-02-07 00:00:00-05:00,182.85000610351562,185.6300048828125,182.47999572753906,183.88999938964844,178.774658203125,33529100
2020-02-10 00:00:00-05:00,183.5800018310547,188.83999633789062,183.25,188.6999969482422,183.4508514404297,35844300
2020-02-11 00:00:00-05:00,190.64999389648438,190.6999969482422,183.5,184.44000244140625,179.30931091308594,53159900
2020-02-12 00:00:00-05:00,185.5800018310547,185.85000610351562,181.85000610351562,184.7100067138672,179.57183837890625,47062900
2020-02-13 00:00:00-05:00,183.0800018310547,186.22999572753906,182.8699951171875,183.7100067138672,178.5996551513672,35295800
2020-02-14 00:00:00-05:00,183.25,185.41000366210938,182.64999389648438,185.35000610351562,180.19403076171875,23149500
2020-02-18 00:00:00-05:00,185.61000061035156,187.6999969482422,185.5,187.22999572753906,182.02169799804688,27792200
2020-02-19 00:00:00-05:00,188.05999755859375,188.17999267578125,186.47000122070312,187.27999877929688,182.56761169433594,29997500
2020-02-20 00:00:00-05:00,186.9499969482422,187.25,181.10000610351562,184.4199981689453,179.7795867919922,36862400
2020-02-21 00:00:00-05:00,183.1699981689453,183.5,177.25,178.58999633789062,174.09629821777344,48572600
2020-02-24 00:00:00-05:00,167.77000427246094,174.5500030517578,163.22999572753906,170.88999938964844,166.5900421142578,68311100
2020-02-25 00:00:00-05:00,174.1999969482422,174.83999633789062,167.64999389648438,168.07000732421875,163.8409881591797,68073300
2020-02-26 00:00:00-05:00,169.7100067138672,173.25999450683594,168.2100067138672,170.1699981689453,165.8881378173828,56206100
2020-02-27 00:00:00-05:00,163.32000732421875,167.02999877929688,157.97999572753906,158.17999267578125,154.19985961914062,93174900
2020-02-28 00:00:00-05:00,152.41000366210938,163.7100067138672,152.0,162.00999450683594,157.93345642089844,97012700
2020-03-02 00:00:00-05:00,165.30999755859375,172.9199981689453,162.30999755859375,172.7899932861328,168.4422149658203,71030800
2020-03-03 00:00:00-05:00,173.8000030517578,175.0,162.25999450683594,164.50999450683594,160.37057495117188,71677000
2020-03-04 00:00:00-05:00,168.49000549316406,170.6999969482422,165.6199951171875,170.5500030517578,166.2585906982422,49814400
2020-03-05 00:00:00-05:00,166.0500030517578,170.8699951171875,165.69000244140625,166.27000427246094,162.08631896972656,47817300
2020-03-06 00:00:00-05:00,162.61000061035156,163.11000061035156,156.0,161.57000732421875,157.50454711914062,72821100
2020-03-09 00:00:00-04:00,151.0,157.75,150.0,150.6199951171875,146.83006286621094,70419300
2020-03-10 00:00:00-04:00,158.16000366210938,161.02999877929688,152.5800018310547,160.9199981689453,156.8708953857422,65354400
2020-03-11 00:00:00-04:00,157.1300048828125,157.6999969482422,151.14999389648438,153.6300048828125,149.76434326171875,56371600
2020-03-12 00:00:00-04:00,145.3000030517578,153.47000122070312,138.5800018310547,139.05999755859375,135.5609588623047,93226400
2020-03-13 00:00:00-04:00,147.5,161.91000366210938,140.72999572753906,158.8300018310547,154.83351135253906,92727400
2020-03-16 00:00:00-04:00,140.0,149.35000610351562,135.0,135.4199981689453,132.01255798339844,87905900
2020-03-17 00:00:00-04:00,140.0,147.5,135.0,146.57000732421875,142.8820037841797,81059800
2020-03-18 00:00:00-04:00,138.0,146.0,135.02000427246094,140.39999389648438,136.8672332763672,81593200
2020-03-19 00:00:00-04:00,142.77000427246094,150.14999389648438,139.0,142.7100067138672,139.119140625,85922700
2020-03-20 00:00:00-04:00,146.0,147.10000610351562,135.86000061035156,137.35000610351562,133.89398193359375,84866200
2020-03-23 00:00:00-04:00,137.00999450683594,140.57000732421875,132.52000427246094,135.97999572753906,132.5584259033203,78975200
2020-03-24 00:00:00-04:00,143.75,149.60000610351562,141.27000427246094,148.33999633789062,144.60743713378906,82516700
2020-03-25 00:00:00-04:00,148.91000366210938,154.3300018310547,144.44000244140625,146.9199981689453,143.22317504882812,75638200
2020-03-26 00:00:00-04:00,148.39999389648438,156.66000366210938,148.3699951171875,156.11000061035156,152.18194580078125,64568100
2020-03-27 00:00:00-04:00,151.75,154.88999938964844,149.1999969482422,149.6999969482422,145.93321228027344,57042300
2020-03-30 00:00:00-04:00,152.44000244140625,160.60000610351562,150.00999450683594,160.22999572753906,156.1982421875,63420300
2020-03-31 00:00:00-04:00,159.39999389648438,164.77999877929688,156.55999755859375,157.7100067138672,153.74168395996094,77927200
2020-04-01 00:00:00-04:00,153.0,157.75,150.82000732421875,152.11000061035156,148.28257751464844,57969900
2020-04-02 00:00:00-04:00,151.86000061035156,155.47999572753906,150.36000061035156,155.25999450683594,151.3533172607422,49630700
2020-04-03 00:00:00-04:00,155.10000610351562,157.3800048828125,152.19000244140625,153.8300018310547,149.95932006835938,41243300
2020-04-06 00:00:00-04:00,160.32000732421875,166.5,157.5800018310547,165.27000427246094,161.11146545410156,67111700
2020-04-07 00:00:00-04:00,169.58999633789062,170.0,163.25999450683594,163.49000549316406,159.37625122070312,62769000
2020-04-08 00:00:00-04:00,165.6699981689453,166.6699981689453,163.5,165.1300048828125,160.9749755859375,48318200
2020-04-09 00:00:00-04:00,166.36000061035156,167.3699951171875,163.3300018310547,165.13999938964844,160.98472595214844,51385100
2020-04-13 00:00:00-04:00,164.35000610351562,165.57000732421875,162.3000030517578,165.50999450683594,161.34542846679688,41905300
2020-04-14 00:00:00-04:00,169.0,173.75,168.0,173.6999969482422,169.32931518554688,52874300
2020-04-15 00:00:00-04:00,171.1999969482422,173.57000732421875,169.24000549316406,171.8800048828125,167.5551300048828,40940800
2020-04-16 00:00:00-04:00,174.3000030517578,177.27999877929688,172.89999389648438,177.0399932861328,172.58526611328125,50479600
2020-04-17 00:00:00-04:00,179.5,180.0,175.8699951171875,178.60000610351562,174.10604858398438,52765600
2020-04-20 00:00:00-04:00,176.6300048828125,178.75,174.99000549316406,175.05999755859375,170.65513610839844,36669600
2020-04-21 00:00:00-04:00,173.5,173.6699981689453,166.11000061035156,167.82000732421875,163.59727478027344,56203700
2020-04-22 00:00:00-04:00,171.38999938964844,174.0,170.82000732421875,173.52000427246094,169.1538543701172,34620200
2020-04-23 00:00:00-04:00,174.11000061035156,175.05999755859375,170.91000366210938,171.4199981689453,167.106689453125,32790800
2020-04-24 00:00:00-04:00,172.05999755859375,174.55999755859375,170.7100067138672,174.5500030517578,170.15794372558594,34277600
2020-04-27 00:00:00-04:00,176.58999633789062,176.89999389648438,173.3000030517578,174.0500030517578,169.6705322265625,33194400
2020-04-28 00:00:00-04:00,175.58999633789062,175.6699981689453,169.38999938964844,169.80999755859375,165.53720092773438,34392700
2020-04-29 00:00:00-04:00,173.22000122070312,177.67999267578125,171.8800048828125,177.42999267578125,172.96546936035156,51286600
2020-04-30 00:00:00-04:00,180.0,180.39999389648438,176.22999572753906,179.2100067138672,174.70071411132812,53875900
2020-05-01 00:00:00-04:00,175.8000030517578,178.63999938964844,174.00999450683594,174.57000732421875,170.17742919921875,39370500
2020-05-04 00:00:00-04:00,174.49000549316406,179.0,173.8000030517578,178.83999633789062,174.3400115966797,30372900
2020-05-05 00:00:00-04:00,180.6199951171875,183.64999389648438,179.89999389648438,180.75999450683594,176.211669921875,36839200
2020-05-06 00:00:00-04:00,182.0800018310547,184.1999969482422,181.6300048828125,182.5399932861328,177.94688415527344,32139300
2020-05-07 00:00:00-04:00,184.1699981689453,184.5500030517578,182.5800018310547,183.60000610351562,178.980224609375,28316000
2020-05-08 00:00:00-04:00,184.97999572753906,185.0,183.36000061035156,184.67999267578125,180.03305053710938,30877800
2020-05-11 00:00:00-04:00,183.14999389648438,187.50999450683594,182.85000610351562,186.74000549316406,182.04122924804688,30892700
2020-05-12 00:00:00-04:00,186.8000030517578,187.0399932861328,182.3000030517578,182.50999450683594,177.9176483154297,32038200
2020-05-13 00:00:00-04:00,182.5500030517578,184.0500030517578,176.5399932861328,179.75,175.22711181640625,44711500
2020-05-14 00:00:00-04:00,177.5399932861328,180.69000244140625,175.67999267578125,180.52999877929688,175.9874725341797,41873900
2020-05-15 00:00:00-04:00,179.05999755859375,187.05999755859375,177.0,183.16000366210938,178.55128479003906,46610400
2020-05-18 00:00:00-04:00,185.75,186.1999969482422,183.9600067138672,184.91000366210938,180.2572784423828,35264500
2020-05-19 00:00:00-04:00,185.02999877929688,186.60000610351562,183.49000549316406,183.6300048828125,179.00950622558594,26799100
2020-05-20 00:00:00-04:00,184.80999755859375,185.85000610351562,183.94000244140625,185.66000366210938,181.4924774169922,31261300
2020-05-21 00:00:00-04:00,185.39999389648438,186.6699981689453,183.2899932861328,183.42999267578125,179.3125,29119500
2020-05-22 00:00:00-04:00,183.19000244140625,184.4600067138672,182.5399932861328,183.50999450683594,179.39071655273438,20826900
2020-05-26 00:00:00-04:00,186.33999633789062,186.5,181.10000610351562,181.57000732421875,177.49427795410156,36073600
2020-05-27 00:00:00-04:00,180.1999969482422,181.99000549316406,176.60000610351562,181.80999755859375,177.72886657714844,39517100
2020-05-28 00:00:00-04:00,180.74000549316406,184.14999389648438,180.3800048828125,181.39999389648438,177.3280792236328,33810200
2020-05-29 00:00:00-04:00,182.72999572753906,184.27000427246094,180.41000366210938,183.25,179.13658142089844,42130400
2020-06-01 00:00:00-04:00,182.5399932861328,183.0,181.4600067138672,182.8300018310547,178.7259979248047,22622400
2020-06-02 00:00:00-04:00,184.25,185.0,181.35000610351562,184.91000366210938,180.75930786132812,30794600
2020-06-03 00:00:00-04:00,184.82000732421875,185.94000244140625,183.5800018310547,185.36000061035156,181.19920349121094,27311000
2020-06-04 00:00:00-04:00,184.3000030517578,185.83999633789062,182.3000030517578,182.9199981689453,178.81398010253906,28761800
2020-06-05 00:00:00-04:00,182.6199951171875,187.72999572753906,182.00999450683594,187.1999969482422,182.99790954589844,39893600
2020-06-08 00:00:00-04:00,185.94000244140625,188.5500030517578,184.44000244140625,188.36000061035156,184.1318359375,33211600
2020-06-09 00:00:00-04:00,188.0,190.6999969482422,187.25999450683594,189.8000030517578,185.53952026367188,29783900
2020-06-10 00:00:00-04:00,191.1300048828125,198.52000427246094,191.00999450683594,196.83999633789062,192.42152404785156,43872300
2020-06-11 00:00:00-04:00,193.1300048828125,195.75999450683594,186.07000732421875,186.27000427246094,182.08877563476562,52854700
2020-06-12 00:00:00-04:00,190.5399932861328,191.72000122070312,185.17999267578125,187.74000549316406,183.5258026123047,43373600
2020-06-15 00:00:00-04:00,184.5800018310547,190.82000732421875,184.00999450683594,188.94000244140625,184.69886779785156,32770200
2020-06-16 00:00:00-04:00,192.88999938964844,195.5800018310547,191.4600067138672,193.57000732421875,189.22488403320312,42556700
2020-06-17 00:00:00-04:00,195.02999877929688,196.32000732421875,193.69000244140625,194.24000549316406,189.87986755371094,25687800
2020-06-18 00:00:00-04:00,194.0,196.49000549316406,194.0,196.32000732421875,191.91317749023438,23061600
2020-06-19 00:00:00-04:00,198.58999633789062,199.2899932861328,194.3699951171875,195.14999389648438,190.7694549560547,44441100
2020-06-22 00:00:00-04:00,195.7899932861328,200.75999450683594,195.22999572753906,200.57000732421875,196.0677947998047,32818900
2020-06-23 00:00:00-04:00,202.08999633789062,203.9499969482422,201.42999267578125,201.91000366210938,197.37770080566406,30917400
2020-06-24 00:00:00-04:00,201.60000610351562,203.25,196.55999755859375,197.83999633789062,193.39903259277344,36740600
2020-06-25 00:00:00-04:00,197.8000030517578,200.61000061035156,195.47000122070312,200.33999633789062,195.8429412841797,27803900
2020-06-26 00:00:00-04:00,199.72999572753906,199.88999938964844,194.8800048828125,196.3300018310547,191.92294311523438,54675800
2020-06-29 00:00:00-04:00,195.77999877929688,198.52999877929688,193.5500030517578,198.44000244140625,193.98558044433594,26701600
2020-06-30 00:00:00-04:00,197.8800048828125,204.39999389648438,197.74000549316406,203.50999450683594,198.9417724609375,34310300
2020-07-01 00:00:00-04:00,203.13999938964844,206.35000610351562,201.77000427246094,204.6999969482422,200.1050567626953,32061200
2020-07-02 00:00:00-04:00,205.67999267578125,208.02000427246094,205.0,206.25999450683594,201.63003540039062,29315800
2020-07-06 00:00:00-04:00,208.8300018310547,211.1300048828125,208.08999633789062,210.6999969482422,205.9703826904297,31897600
2020-07-07 00:00:00-04:00,210.4499969482422,214.6699981689453,207.99000549316406,208.25,203.5753936767578,33600700
2020-07-08 00:00:00-04:00,210.07000732421875,213.25999450683594,208.69000244140625,212.8300018310547,208.0525665283203,33600000
2020-07-09 00:00:00-04:00,216.3300018310547,216.3800048828125,211.47000122070312,214.32000732421875,209.50914001464844,33121700
2020-07-10 00:00:00-04:00,213.6199951171875,214.0800018310547,211.0800018310547,213.6699981689453,208.8737030029297,26177600
2020-07-13 00:00:00-04:00,214.47999572753906,215.8000030517578,206.5,207.07000732421875,202.42185974121094,38135600
2020-07-14 00:00:00-04:00,206.1300048828125,208.85000610351562,202.02999877929688,208.35000610351562,203.6731719970703,37591800
2020-07-15 00:00:00-04:00,209.55999755859375,211.3300018310547,205.02999877929688,208.0399932861328,203.37008666992188,32179400
2020-07-16 00:00:00-04:00,205.39999389648438,205.6999969482422,202.30999755859375,203.9199981689453,199.3425750732422,29940700
2020-07-17 00:00:00-04:00,204.47000122070312,205.0399932861328,201.38999938964844,202.8800048828125,198.32591247558594,31635300
2020-07-20 00:00:00-04:00,205.0,212.3000030517578,203.00999450683594,211.60000610351562,206.8501739501953,36884800
2020-07-21 00:00:00-04:00,213.66000366210938,213.94000244140625,208.02999877929688,208.75,204.06411743164062,37990400
2020-07-22 00:00:00-04:00,209.1999969482422,212.3000030517578,208.38999938964844,211.75,206.996826171875,49605700
2020-07-23 00:00:00-04:00,207.19000244140625,210.9199981689453,202.14999389648438,202.5399932861328,197.99354553222656,67457000
2020-07-24 00:00:00-04:00,200.4199981689453,202.86000061035156,197.50999450683594,201.3000030517578,196.78138732910156,39827000
2020-07-27 00:00:00-04:00,201.47000122070312,203.97000122070312,200.86000061035156,203.85000610351562,199.274169921875,30160900
2020-07-28 00:00:00-04:00,203.61000061035156,204.6999969482422,201.74000549316406,202.02000427246094,197.4852294921875,23251400
2020-07-29 00:00:00-04:00,202.5,204.64999389648438,202.00999450683594,204.05999755859375,199.4794464111328,19632600
2020-07-30 00:00:00-04:00,201.0,204.4600067138672,199.57000732421875,203.89999389648438,199.32302856445312,25079600
2020-07-31 00:00:00-04:00,204.39999389648438,205.10000610351562,199.00999450683594,205.00999450683594,200.4080810546875,51044000
2020-08-03 00:00:00-04:00,211.52000427246094,217.63999938964844,210.44000244140625,216.5399932861328,211.67929077148438,78983000
2020-08-04 00:00:00-04:00,214.1699981689453,214.77000427246094,210.30999755859375,213.2899932861328,208.5022430419922,49280100
2020-08-05 00:00:00-04:00,214.89999389648438,215.0,211.57000732421875,212.94000244140625,208.16009521484375,28806400
2020-08-06 00:00:00-04:00,212.33999633789062,216.3699951171875,211.5500030517578,216.35000610351562,211.49356079101562,32656800
2020-08-07 00:00:00-04:00,214.85000610351562,215.6999969482422,210.92999267578125,212.47999572753906,207.7104034423828,27820400
2020-08-10 00:00:00-04:00,211.6699981689453,211.8800048828125,206.35000610351562,208.25,203.5753936767578,36716500
2020-08-11 00:00:00-04:00,207.16000366210938,207.64999389648438,203.13999938964844,203.3800048828125,198.81471252441406,36446500
2020-08-12 00:00:00-04:00,205.2899932861328,210.27999877929688,204.75,209.19000244140625,204.4942626953125,28013100
2020-08-13 00:00:00-04:00,209.44000244140625,211.35000610351562,208.14999389648438,208.6999969482422,204.0152587890625,22588900
2020-08-14 00:00:00-04:00,208.75999450683594,209.58999633789062,207.50999450683594,208.89999389648438,204.21078491210938,17958900
2020-08-17 00:00:00-04:00,209.60000610351562,211.19000244140625,208.9199981689453,210.27999877929688,205.55979919433594,20184800
2020-08-18 00:00:00-04:00,210.52999877929688,212.36000061035156,209.2100067138672,211.49000549316406,206.74267578125,21336200
2020-08-19 00:00:00-04:00,211.49000549316406,212.10000610351562,209.25,209.6999969482422,205.4883575439453,27627600
2020-08-20 00:00:00-04:00,209.5399932861328,215.0,208.91000366210938,214.5800018310547,210.27037048339844,26981500
2020-08-21 00:00:00-04:00,213.86000061035156,216.25,212.85000610351562,213.02000427246094,208.74169921875,36249300
2020-08-24 00:00:00-04:00,214.7899932861328,215.52000427246094,212.42999267578125,213.69000244140625,209.3982391357422,25460100
2020-08-25 00:00:00-04:00,213.10000610351562,216.61000061035156,213.10000610351562,216.47000122070312,212.1223907470703,23043700
2020-08-26 00:00:00-04:00,217.8800048828125,222.08999633789062,217.36000061035156,221.14999389648438,216.70838928222656,39600800
2020-08-27 00:00:00-04:00,222.88999938964844,231.14999389648438,219.39999389648438,226.5800018310547,222.0293426513672,57602200
2020-08-28 00:00:00-04:00,228.17999267578125,230.63999938964844,226.5800018310547,228.91000366210938,224.3125762939453,26292900
2020-08-31 00:00:00-04:00,227.0,228.6999969482422,224.30999755859375,225.52999877929688,221.00042724609375,28774200
2020-09-01 00:00:00-04:00,225.50999450683594,227.4499969482422,224.42999267578125,227.27000427246094,222.70547485351562,25725500
2020-09-02 00:00:00-04:00,227.97000122070312,232.86000061035156,227.35000610351562,231.64999389648438,226.9975128173828,34080800
2020-09-03 00:00:00-04:00,229.27000427246094,229.30999755859375,214.9600067138672,217.3000030517578,212.9357147216797,58400300
2020-09-04 00:00:00-04:00,215.10000610351562,218.36000061035156,205.19000244140625,214.25,209.94699096679688,59664100
2020-09-08 00:00:00-04:00,206.5,210.02999877929688,202.1999969482422,202.66000366210938,198.5897674560547,52924300
2020-09-09 00:00:00-04:00,207.60000610351562,214.83999633789062,206.6999969482422,211.2899932861328,207.04641723632812,45679000
2020-09-10 00:00:00-04:00,213.39999389648438,214.74000549316406,204.11000061035156,205.3699951171875,201.24533081054688,35461500
2020-09-11 00:00:00-04:00,207.1999969482422,208.6300048828125,201.24000549316406,204.02999877929688,199.9322509765625,33620100
2020-09-14 00:00:00-04:00,204.24000549316406,209.1999969482422,204.02999877929688,205.41000366210938,201.28453063964844,30375800
2020-09-15 00:00:00-04:00,208.4199981689453,209.77999877929688,206.92999267578125,208.77999877929688,204.5868682861328,21823900
2020-09-16 00:00:00-04:00,210.6199951171875,210.64999389648438,204.63999938964844,205.0500030517578,200.93174743652344,26328100
2020-09-17 00:00:00-04:00,200.0500030517578,204.3300018310547,199.9600067138672,202.91000366210938,198.83474731445312,34011300
2020-09-18 00:00:00-04:00,202.8000030517578,203.64999389648438,196.25,200.38999938964844,196.36534118652344,55225300
2020-09-21 00:00:00-04:00,197.19000244140625,202.7100067138672,196.3800048828125,202.5399932861328,198.47215270996094,39839700
2020-09-22 00:00:00-04:00,205.05999755859375,208.10000610351562,202.0800018310547,207.4199981689453,203.25416564941406,33517100
2020-09-23 00:00:00-04:00,207.89999389648438,208.10000610351562,200.02999877929688,200.58999633789062,196.5613250732422,30803800
2020-09-24 00:00:00-04:00,199.85000610351562,205.57000732421875,199.1999969482422,203.19000244140625,199.10910034179688,31202500
2020-09-25 00:00:00-04:00,203.5500030517578,209.0399932861328,202.5399932861328,207.82000732421875,203.64610290527344,29437300
2020-09-28 00:00:00-04:00,210.8800048828125,212.57000732421875,208.05999755859375,209.44000244140625,205.23361206054688,32004900
2020-09-29 00:00:00-04:00,209.35000610351562,210.07000732421875,206.80999755859375,207.25999450683594,203.09738159179688,24221900
2020-09-30 00:00:00-04:00,207.72999572753906,211.97999572753906,206.5399932861328,210.3300018310547,206.10572814941406,33829100
2020-10-01 00:00:00-04:00,213.49000549316406,213.99000549316406,211.32000732421875,212.4600067138672,208.1929473876953,27158400
2020-10-02 00:00:00-04:00,208.0,210.99000549316406,205.5399932861328,206.19000244140625,202.0489044189453,33154800
2020-10-05 00:00:00-04:00,207.22000122070312,210.41000366210938,206.97999572753906,210.3800048828125,206.15469360351562,21331600
2020-10-06 00:00:00-04:00,208.82000732421875,210.17999267578125,204.82000732421875,205.91000366210938,201.7744903564453,28554300
2020-10-07 00:00:00-04:00,207.05999755859375,210.11000061035156,206.72000122070312,209.8300018310547,205.61573791503906,25681100
2020-10-08 00:00:00-04:00,210.50999450683594,211.19000244140625,208.32000732421875,210.5800018310547,206.35069274902344,19925800
2020-10-09 00:00:00-04:00,211.22999572753906,215.86000061035156,211.22999572753906,215.80999755859375,211.4756317138672,26458000
2020-10-12 00:00:00-04:00,218.7899932861328,223.86000061035156,216.80999755859375,221.39999389648438,216.95338439941406,40461400
2020-10-13 00:00:00-04:00,222.72000122070312,225.2100067138672,220.42999267578125,222.86000061035156,218.38404846191406,28950800
2020-10-14 00:00:00-04:00,223.0,224.22000122070312,219.1300048828125,220.86000061035156,216.42422485351562,23421700
2020-10-15 00:00:00-04:00,217.10000610351562,220.36000061035156,216.00999450683594,219.66000366210938,215.24835205078125,22733100
2020-10-16 00:00:00-04:00,220.14999389648438,222.2899932861328,219.32000732421875,219.66000366210938,215.24835205078125,26057900
2020-10-19 00:00:00-04:00,220.4199981689453,222.3000030517578,213.72000122070312,214.22000122070312,209.91758728027344,27625800
2020-10-20 00:00:00-04:00,215.8000030517578,217.3699951171875,213.08999633789062,214.64999389648438,210.33892822265625,22753500
2020-10-21 00:00:00-04:00,213.1199951171875,216.9199981689453,213.1199951171875,214.8000030517578,210.4859619140625,22724900
2020-10-22 00:00:00-04:00,213.92999267578125,216.05999755859375,211.6999969482422,214.88999938964844,210.57412719726562,22351500
2020-10-23 00:00:00-04:00,215.02999877929688,216.27999877929688,213.16000366210938,216.22999572753906,211.88720703125,18879600
2020-10-26 00:00:00-04:00,213.85000610351562,216.33999633789062,208.10000610351562,210.0800018310547,205.8607177734375,37111600
2020-10-27 00:00:00-04:00,211.58999633789062,214.6699981689453,210.3300018310547,213.25,208.96705627441406,36700300
2020-10-28 00:00:00-04:00,207.6699981689453,208.83999633789062,202.10000610351562,202.67999267578125,198.60935974121094,51195600
2020-10-29 00:00:00-04:00,204.07000732421875,207.36000061035156,203.3699951171875,204.72000122070312,200.6083984375,31432600
2020-10-30 00:00:00-04:00,203.5,204.2899932861328,199.6199951171875,202.47000122070312,198.40357971191406,36953700
2020-11-02 00:00:00-05:00,204.2899932861328,205.27999877929688,200.1199951171875,202.3300018310547,198.26638793945312,30842200
2020-11-03 00:00:00-05:00,203.88999938964844,208.1199951171875,203.1199951171875,206.42999267578125,202.28404235839844,27512000
2020-11-04 00:00:00-05:00,214.02000427246094,218.32000732421875,212.4199981689453,216.38999938964844,212.0439910888672,42311800
2020-11-05 00:00:00-05:00,222.0399932861328,224.1199951171875,221.14999389648438,223.2899932861328,218.805419921875,36080100
2020-11-06 00:00:00-05:00,222.25999450683594,224.36000061035156,218.02999877929688,223.72000122070312,219.226806640625,25231900
2020-11-09 00:00:00-05:00,224.44000244140625,228.1199951171875,217.8800048828125,218.38999938964844,214.00384521484375,44395000
2020-11-10 00:00:00-05:00,214.5,216.5,209.72000122070312,211.00999450683594,206.77206420898438,44045100
2020-11-11 00:00:00-05:00,212.38999938964844,218.0399932861328,212.1999969482422,216.5500030517578,212.20077514648438,29440800
2020-11-12 00:00:00-05:00,217.2100067138672,219.11000061035156,214.4600067138672,215.44000244140625,211.11309814453125,21593900
2020-11-13 00:00:00-05:00,216.36000061035156,217.4199981689453,214.16000366210938,216.50999450683594,212.16159057617188,18621100
2020-11-16 00:00:00-05:00,214.8699951171875,217.74000549316406,214.52000427246094,217.22999572753906,212.8671417236328,24953300
2020-11-17 00:00:00-05:00,216.10000610351562,217.67999267578125,214.0800018310547,214.4600067138672,210.15277099609375,24154100
2020-11-18 00:00:00-05:00,213.64999389648438,215.1699981689453,210.92999267578125,211.0800018310547,207.38218688964844,28372800
2020-11-19 00:00:00-05:00,211.3800048828125,213.02999877929688,209.92999267578125,212.4199981689453,208.69869995117188,24792700
2020-11-20 00:00:00-05:00,212.1999969482422,213.2899932861328,210.0,210.38999938964844,206.70423889160156,22843100
2020-11-23 00:00:00-05:00,210.9499969482422,212.2899932861328,208.16000366210938,210.11000061035156,206.42916870117188,25683500
2020-11-24 00:00:00-05:00,209.58999633789062,214.25,208.86000061035156,213.86000061035156,210.1134796142578,33979700
2020-11-25 00:00:00-05:00,215.11000061035156,215.2899932861328,212.4600067138672,213.8699951171875,210.12327575683594,21012900
2020-11-27 00:00:00-05:00,214.85000610351562,216.27000427246094,214.0399932861328,215.22999572753906,211.45944213867188,14512200
2020-11-30 00:00:00-05:00,214.10000610351562,214.75999450683594,210.83999633789062,214.07000732421875,210.3197784423828,33064800
2020-12-01 00:00:00-05:00,214.50999450683594,217.32000732421875,213.35000610351562,216.2100067138672,212.4222869873047,30904500
2020-12-02 00:00:00-05:00,214.8800048828125,215.47000122070312,212.8000030517578,215.3699951171875,211.5970001220703,23724500
2020-12-03 00:00:00-05:00,214.61000061035156,216.3800048828125,213.64999389648438,214.24000549316406,210.48683166503906,25120900
2020-12-04 00:00:00-05:00,214.22000122070312,215.3800048828125,213.17999267578125,214.36000061035156,210.60472106933594,24666000
2020-12-07 00:00:00-05:00,214.3699951171875,215.5399932861328,212.99000549316406,214.2899932861328,210.53591918945312,24620000
2020-12-08 00:00:00-05:00,213.97000122070312,216.9499969482422,212.88999938964844,216.00999450683594,212.2257843017578,23284100
2020-12-09 00:00:00-05:00,215.16000366210938,215.22999572753906,211.2100067138672,211.8000030517578,208.08953857421875,32440600
2020-12-10 00:00:00-05:00,211.77000427246094,213.0800018310547,210.36000061035156,210.52000427246094,206.83197021484375,26733300
2020-12-11 00:00:00-05:00,210.0500030517578,213.32000732421875,209.11000061035156,213.25999450683594,209.52398681640625,30979400
2020-12-14 00:00:00-05:00,213.10000610351562,216.2100067138672,212.8800048828125,214.1999969482422,210.447509765625,28798400
2020-12-15 00:00:00-05:00,215.1699981689453,215.4199981689453,212.24000549316406,214.1300048828125,210.3787078857422,27000600
2020-12-16 00:00:00-05:00,214.75,220.11000061035156,214.72000122070312,219.27999877929688,215.43850708007812,35023300
2020-12-17 00:00:00-05:00,219.8699951171875,220.88999938964844,217.9199981689453,219.4199981689453,215.5760498046875,32515800
2020-12-18 00:00:00-05:00,218.58999633789062,219.69000244140625,216.02000427246094,218.58999633789062,214.76058959960938,63354900
2020-12-21 00:00:00-05:00,217.5500030517578,224.0,217.27999877929688,222.58999633789062,218.69052124023438,37181900
2020-12-22 00:00:00-05:00,222.69000244140625,225.6300048828125,221.85000610351562,223.94000244140625,220.01687622070312,22612200
2020-12-23 00:00:00-05:00,223.11000061035156,223.55999755859375,220.8000030517578,221.02000427246094,217.1480255126953,18699600
2020-12-24 00:00:00-05:00,221.4199981689453,223.61000061035156,221.1999969482422,222.75,218.84774780273438,10550600
2020-12-28 00:00:00-05:00,224.4499969482422,226.02999877929688,223.02000427246094,224.9600067138672,221.01902770996094,17933500
2020-12-29 00:00:00-05:00,226.30999755859375,227.17999267578125,223.5800018310547,224.14999389648438,220.22320556640625,17403200
2020-12-30 00:00:00-05:00,225.22999572753906,225.6300048828125,221.47000122070312,221.67999267578125,217.79647827148438,20272300
2020-12-31 00:00:00-05:00,221.6999969482422,223.0,219.67999267578125,222.4199981689453,218.52349853515625,20942100
2021-01-04 00:00:00-05:00,222.52999877929688,223.0,214.80999755859375,217.69000244140625,213.87637329101562,37130100
2021-01-05 00:00:00-05:00,217.25999450683594,218.52000427246094,215.6999969482422,217.89999389648438,214.08270263671875,23823000
2021-01-06 00:00:00-05:00,212.1699981689453,216.49000549316406,211.94000244140625,212.25,208.5316925048828,35930700
2021-01-07 00:00:00-05:00,214.0399932861328,219.33999633789062,213.7100067138672,218.2899932861328,214.46583557128906,27694500
2021-01-08 00:00:00-05:00,218.67999267578125,220.5800018310547,217.02999877929688,219.6199951171875,215.7725372314453,22956200
2021-01-11 00:00:00-05:00,218.47000122070312,218.91000366210938,216.72999572753906,217.49000549316406,213.67987060546875,23031300
2021-01-12 00:00:00-05:00,216.5,217.10000610351562,213.32000732421875,214.92999267578125,211.16470336914062,23249300
2021-01-13 00:00:00-05:00,214.02000427246094,216.75999450683594,213.92999267578125,216.33999633789062,212.55001831054688,20087100
2021-01-14 00:00:00-05:00,215.91000366210938,217.4600067138672,212.74000549316406,213.02000427246094,209.28819274902344,29480800
2021-01-15 00:00:00-05:00,213.52000427246094,214.50999450683594,212.02999877929688,212.64999389648438,208.92465209960938,31746500
2021-01-19 00:00:00-05:00,213.75,216.97999572753906,212.6300048828125,216.44000244140625,212.64828491210938,30480900
2021-01-20 00:00:00-05:00,217.6999969482422,225.7899932861328,217.2899932861328,224.33999633789062,220.4098663330078,37777300
2021-01-21 00:00:00-05:00,224.6999969482422,226.3000030517578,222.4199981689453,224.97000122070312,221.02882385253906,30709400
2021-01-22 00:00:00-05:00,227.0800018310547,230.07000732421875,225.8000030517578,225.9499969482422,221.99163818359375,30172700
2021-01-25 00:00:00-05:00,229.1199951171875,229.77999877929688,224.22000122070312,229.52999877929688,225.5089569091797,33152100
2021-01-26 00:00:00-05:00,231.86000061035156,234.17999267578125,230.0800018310547,232.3300018310547,228.25985717773438,49169600
2021-01-27 00:00:00-05:00,238.0,240.44000244140625,230.13999938964844,232.89999389648438,228.8199005126953,69870600
2021-01-28 00:00:00-05:00,235.61000061035156,242.63999938964844,235.08999633789062,238.92999267578125,234.74424743652344,49111200
2021-01-29 00:00:00-05:00,235.99000549316406,238.02000427246094,231.35000610351562,231.9600067138672,227.89637756347656,42503100
2021-02-01 00:00:00-05:00,235.05999755859375,242.5,232.42999267578125,239.64999389648438,235.45166015625,33314200
2021-02-02 00:00:00-05:00,241.3000030517578,242.30999755859375,238.69000244140625,239.50999450683594,235.31410217285156,25916300
2021-02-03 00:00:00-05:00,239.57000732421875,245.08999633789062,239.25999450683594,243.0,238.7429656982422,27158100
2021-02-04 00:00:00-05:00,242.66000366210938,243.24000549316406,240.3699951171875,242.00999450683594,237.7703094482422,25296100
2021-02-05 00:00:00-05:00,242.22999572753906,243.27999877929688,240.4199981689453,242.1999969482422,237.95697021484375,18054800
2021-02-08 00:00:00-05:00,243.14999389648438,243.67999267578125,240.80999755859375,242.47000122070312,238.22227478027344,22211900
2021-02-09 00:00:00-05:00,241.8699951171875,244.75999450683594,241.3800048828125,243.77000427246094,239.4994659423828,23565000
2021-02-10 00:00:00-05:00,245.0,245.9199981689453,240.88999938964844,242.82000732421875,238.56613159179688,22186700
2021-02-11 00:00:00-05:00,244.77999877929688,245.14999389648438,242.14999389648438,244.49000549316406,240.20689392089844,15751100
2021-02-12 00:00:00-05:00,243.92999267578125,245.3000030517578,242.72999572753906,244.99000549316406,240.69808959960938,16561100
2021-02-16 00:00:00-05:00,245.02999877929688,246.1300048828125,242.9199981689453,243.6999969482422,239.4307098388672,26728500
2021-02-17 00:00:00-05:00,241.32000732421875,244.30999755859375,240.94000244140625,244.1999969482422,240.47450256347656,21653500
2021-02-18 00:00:00-05:00,241.8000030517578,243.92999267578125,240.86000061035156,243.7899932861328,240.07077026367188,16925600
2021-02-19 00:00:00-05:00,243.75,243.86000061035156,240.17999267578125,240.97000122070312,237.29379272460938,25262600
2021-02-22 00:00:00-05:00,237.4199981689453,237.92999267578125,232.39999389648438,234.50999450683594,230.93235778808594,36446900
2021-02-23 00:00:00-05:00,230.3300018310547,234.8300018310547,228.72999572753906,233.27000427246094,229.71128845214844,30228700
2021-02-24 00:00:00-05:00,230.00999450683594,235.1999969482422,229.0,234.5500030517578,230.9717559814453,26339700
2021-02-25 00:00:00-05:00,232.0800018310547,234.58999633789062,227.8800048828125,228.99000549316406,225.49658203125,39542200
2021-02-26 00:00:00-05:00,231.52999877929688,235.3699951171875,229.5399932861328,232.3800048828125,228.83485412597656,37819200
2021-03-01 00:00:00-05:00,235.89999389648438,237.47000122070312,233.14999389648438,236.94000244140625,233.3252716064453,25324000
2021-03-02 00:00:00-05:00,237.00999450683594,237.3000030517578,233.4499969482422,233.8699951171875,230.30210876464844,22812500
2021-03-03 00:00:00-05:00,232.16000366210938,233.5800018310547,227.25999450683594,227.55999755859375,224.08839416503906,34029500
2021-03-04 00:00:00-05:00,226.74000549316406,232.49000549316406,224.25999450683594,226.72999572753906,223.27102661132812,44727800
2021-03-05 00:00:00-05:00,229.52000427246094,233.27000427246094,226.4600067138672,231.60000610351562,228.06675720214844,41872800
2021-03-08 00:00:00-05:00,231.3699951171875,233.3699951171875,227.1300048828125,227.38999938964844,223.92098999023438,35267400
2021-03-09 00:00:00-05:00,232.8800048828125,235.3800048828125,231.6699981689453,233.77999877929688,230.2135009765625,33080500
2021-03-10 00:00:00-05:00,237.0,237.0,232.0399932861328,232.4199981689453,228.87425231933594,29746800
2021-03-11 00:00:00-05:00,234.9600067138672,239.1699981689453,234.30999755859375,237.1300048828125,233.5124053955078,29907600
2021-03-12 00:00:00-05:00,234.00999450683594,235.82000732421875,233.22999572753906,235.75,232.1534423828125,22653700
2021-03-15 00:00:00-04:00,234.9600067138672,235.19000244140625,231.80999755859375,234.80999755859375,231.22781372070312,26034900
2021-03-16 00:00:00-04:00,236.27999877929688,240.05999755859375,235.94000244140625,237.7100067138672,234.0835418701172,28092200
2021-03-17 00:00:00-04:00,236.14999389648438,238.5500030517578,233.22999572753906,237.0399932861328,233.4237518310547,29562100
2021-03-18 00:00:00-04:00,232.55999755859375,234.19000244140625,230.3300018310547,230.72000122070312,227.2001953125,34833000
2021-03-19 00:00:00-04:00,231.02000427246094,232.47000122070312,229.35000610351562,230.35000610351562,226.83583068847656,46430700
2021-03-22 00:00:00-04:00,230.27000427246094,236.89999389648438,230.13999938964844,235.99000549316406,232.38978576660156,30127000
2021-03-23 00:00:00-04:00,237.49000549316406,241.0500030517578,237.07000732421875,237.5800018310547,233.95553588867188,31638400
2021-03-24 00:00:00-04:00,237.85000610351562,238.0,235.32000732421875,235.4600067138672,231.86788940429688,25620100
2021-03-25 00:00:00-04:00,235.3000030517578,236.94000244140625,231.57000732421875,232.33999633789062,228.7954864501953,34061900
2021-03-26 00:00:00-04:00,231.5500030517578,236.7100067138672,231.5500030517578,236.47999572753906,232.87229919433594,25479900
2021-03-29 00:00:00-04:00,236.58999633789062,236.8000030517578,231.8800048828125,235.24000549316406,231.65121459960938,25227500
2021-03-30 00:00:00-04:00,233.52999877929688,233.85000610351562,231.10000610351562,231.85000610351562,228.31295776367188,24792000
2021-03-31 00:00:00-04:00,232.91000366210938,239.10000610351562,232.38999938964844,235.77000427246094,232.17312622070312,43623500
2021-04-01 00:00:00-04:00,238.47000122070312,242.83999633789062,238.0500030517578,242.35000610351562,238.65277099609375,30338000
2021-04-05 00:00:00-04:00,242.75999450683594,249.9600067138672,242.6999969482422,249.07000732421875,245.27023315429688,36910600
2021-04-06 00:00:00-04:00,247.61000061035156,249.39999389648438,246.8800048828125,247.86000061035156,244.0786895751953,22931900
2021-04-07 00:00:00-04:00,247.80999755859375,250.92999267578125,247.19000244140625,249.89999389648438,246.08755493164062,22719800
2021-04-08 00:00:00-04:00,252.77000427246094,254.13999938964844,252.0,253.25,249.386474609375,23625200
2021-04-09 00:00:00-04:00,252.8699951171875,255.99000549316406,252.44000244140625,255.85000610351562,251.94680786132812,24326800
2021-04-12 00:00:00-04:00,254.7100067138672,257.6700134277344,254.6199951171875,255.91000366210938,252.0059051513672,27148700
2021-04-13 00:00:00-04:00,257.260009765625,259.19000244140625,256.8299865722656,258.489990234375,254.5465087890625,23837500
2021-04-14 00:00:00-04:00,257.4800109863281,258.8299865722656,255.16000366210938,255.58999633789062,251.69076538085938,23070900
2021-04-15 00:00:00-04:00,257.92999267578125,259.92999267578125,257.7300109863281,259.5,255.5411376953125,25627500
2021-04-16 00:00:00-04:00,259.4700012207031,261.0,257.6000061035156,260.739990234375,256.76220703125,24878600
2021-04-19 00:00:00-04:00,260.19000244140625,261.4800109863281,257.82000732421875,258.739990234375,254.79270935058594,23209300
2021-04-20 00:00:00-04:00,257.82000732421875,260.20001220703125,256.8399963378906,258.260009765625,254.320068359375,19722900
2021-04-21 00:00:00-04:00,258.94000244140625,260.67999267578125,257.25,260.5799865722656,256.6046142578125,24030400
2021-04-22 00:00:00-04:00,260.2099914550781,261.7799987792969,255.63999938964844,257.1700134277344,253.24667358398438,25606200
2021-04-23 00:00:00-04:00,257.8800048828125,261.510009765625,257.2699890136719,261.1499938964844,257.1659240722656,21462600
2021-04-26 00:00:00-04:00,261.6600036621094,262.44000244140625,260.1700134277344,261.54998779296875,257.55987548828125,19763300
2021-04-27 00:00:00-04:00,261.5799865722656,263.19000244140625,260.1199951171875,261.9700012207031,257.9734191894531,31014200
2021-04-28 00:00:00-04:00,256.0799865722656,256.5400085449219,252.9499969482422,254.55999755859375,250.67648315429688,46903100
2021-04-29 00:00:00-04:00,255.4600067138672,256.1000061035156,249.0,252.50999450683594,248.6577606201172,40589000
2021-04-30 00:00:00-04:00,249.74000549316406,253.0800018310547,249.60000610351562,252.17999267578125,248.33277893066406,30945100
2021-05-03 00:00:00-04:00,253.39999389648438,254.35000610351562,251.1199951171875,251.86000061035156,248.0176544189453,19626600
2021-05-04 00:00:00-04:00,250.97000122070312,251.2100067138672,245.75999450683594,247.7899932861328,244.009765625,32756100
2021-05-05 00:00:00-04:00,249.05999755859375,249.5,245.82000732421875,246.47000122070312,242.70986938476562,21901300
2021-05-06 00:00:00-04:00,246.4499969482422,249.86000061035156,244.69000244140625,249.72999572753906,245.92018127441406,26491100
2021-05-07 00:00:00-04:00,252.14999389648438,254.3000030517578,251.1699981689453,252.4600067138672,248.60853576660156,27032900
2021-05-10 00:00:00-04:00,250.8699951171875,251.72999572753906,247.1199951171875,247.17999267578125,243.4090576171875,29299900
2021-05-11 00:00:00-04:00,244.5500030517578,246.60000610351562,242.57000732421875,246.22999572753906,242.4735565185547,33641600
2021-05-12 00:00:00-04:00,242.1699981689453,244.3800048828125,238.07000732421875,239.0,235.35386657714844,36684400
2021-05-13 00:00:00-04:00,241.8000030517578,245.60000610351562,241.4199981689453,243.02999877929688,239.32237243652344,29624300
2021-05-14 00:00:00-04:00,245.5800018310547,249.17999267578125,245.49000549316406,248.14999389648438,244.36424255371094,23901100
2021-05-17 00:00:00-04:00,246.5500030517578,246.58999633789062,243.52000427246094,245.17999267578125,241.4395751953125,24970200
2021-05-18 00:00:00-04:00,246.27000427246094,246.41000366210938,242.89999389648438,243.0800018310547,239.37164306640625,20168000
2021-05-19 00:00:00-04:00,239.30999755859375,243.22999572753906,238.60000610351562,243.1199951171875,239.9638214111328,25739800
2021-05-20 00:00:00-04:00,243.9600067138672,247.9499969482422,243.86000061035156,246.47999572753906,243.28021240234375,21800700
2021-05-21 00:00:00-04:00,247.57000732421875,248.3300018310547,244.74000549316406,245.1699981689453,241.9872283935547,21863100
2021-05-24 00:00:00-04:00,247.7899932861328,251.16000366210938,247.50999450683594,250.77999877929688,247.52438354492188,21411500
2021-05-25 00:00:00-04:00,251.77000427246094,252.75,250.82000732421875,251.72000122070312,248.45217895507812,17704300
2021-05-26 00:00:00-04:00,251.42999267578125,252.94000244140625,250.75,251.49000549316406,248.2251739501953,17771600
2021-05-27 00:00:00-04:00,251.1699981689453,251.47999572753906,249.25,249.30999755859375,246.073486328125,24426200
2021-05-28 00:00:00-04:00,251.0,252.0800018310547,249.55999755859375,249.67999267578125,246.4386749267578,18270200
2021-06-01 00:00:00-04:00,251.22999572753906,251.2899932861328,246.9600067138672,247.39999389648438,244.18826293945312,23213300
2021-06-02 00:00:00-04:00,248.1300048828125,249.27000427246094,245.83999633789062,247.3000030517578,244.0895538330078,19406700
2021-06-03 00:00:00-04:00,245.22000122070312,246.33999633789062,243.0,245.7100067138672,242.52020263671875,25307700
2021-06-04 00:00:00-04:00,247.75999450683594,251.64999389648438,247.50999450683594,250.7899932861328,247.5342559814453,25281100
2021-06-07 00:00:00-04:00,249.97999572753906,254.08999633789062,249.80999755859375,253.80999755859375,250.5150604248047,23079200
2021-06-08 00:00:00-04:00,255.16000366210938,256.010009765625,252.50999450683594,252.57000732421875,249.29115295410156,22455000
2021-06-09 00:00:00-04:00,253.80999755859375,255.52999877929688,253.2100067138672,253.58999633789062,250.29791259765625,17937600
2021-06-10 00:00:00-04:00,254.2899932861328,257.4599914550781,253.6699981689453,257.239990234375,253.90052795410156,24563600
2021-06-11 00:00:00-04:00,257.989990234375,258.489990234375,256.6099853515625,257.8900146484375,254.5421142578125,18999700
2021-06-14 00:00:00-04:00,257.8999938964844,259.95001220703125,256.79998779296875,259.8900146484375,256.5161437988281,19150500
2021-06-15 00:00:00-04:00,259.7699890136719,259.989990234375,257.67999267578125,258.3599853515625,255.00596618652344,18038900
2021-06-16 00:00:00-04:00,259.3999938964844,260.5799865722656,254.4199981689453,257.3800048828125,254.03871154785156,27220000
2021-06-17 00:00:00-04:00,256.07000732421875,261.75,256.010009765625,260.8999938964844,257.5130310058594,27565500
2021-06-18 00:00:00-04:00,259.6300048828125,262.29998779296875,258.75,259.42999267578125,256.06207275390625,37202200
2021-06-21 00:00:00-04:00,259.82000732421875,263.5199890136719,257.9200134277344,262.6300048828125,259.22052001953125,26696100
2021-06-22 00:00:00-04:00,262.7200012207031,265.7900085449219,262.3999938964844,265.510009765625,262.0632019042969,24694100
2021-06-23 00:00:00-04:00,265.989990234375,266.8299865722656,264.42999267578125,265.2699890136719,261.82623291015625,19518700
2021-06-24 00:00:00-04:00,266.1600036621094,267.8500061035156,265.4700012207031,266.69000244140625,263.2278747558594,21446900
2021-06-25 00:00:00-04:00,266.2300109863281,267.25,264.760009765625,265.0199890136719,261.5794982910156,25611100
2021-06-28 00:00:00-04:00,266.19000244140625,268.8999938964844,265.9100036621094,268.7200012207031,265.23150634765625,19590000
2021-06-29 00:00:00-04:00,268.8699951171875,271.6499938964844,267.9800109863281,271.3999938964844,267.876708984375,19937800
2021-06-30 00:00:00-04:00,270.69000244140625,271.3599853515625,269.6000061035156,270.8999938964844,267.3832092285156,21656500
2021-07-01 00:00:00-04:00,269.6099853515625,271.8399963378906,269.6000061035156,271.6000061035156,268.0740661621094,16725300
2021-07-02 00:00:00-04:00,272.82000732421875,278.0,272.5,277.6499938964844,274.0455322265625,26458000
2021-07-06 00:00:00-04:00,278.0299987792969,279.3699951171875,274.29998779296875,277.6600036621094,274.055419921875,31565600
2021-07-07 00:00:00-04:00,279.3999938964844,280.69000244140625,277.1499938964844,279.92999267578125,276.29595947265625,23260000
2021-07-08 00:00:00-04:00,276.8999938964844,278.7300109863281,274.8699951171875,277.4200134277344,273.8185729980469,24618600
2021-07-09 00:00:00-04:00,275.7200012207031,278.04998779296875,275.32000732421875,277.94000244140625,274.3318176269531,23916700
2021-07-12 00:00:00-04:00,279.1600036621094,279.7699890136719,276.5799865722656,277.32000732421875,273.7198791503906,18931700
2021-07-13 00:00:00-04:00,277.5199890136719,282.8500061035156,277.3900146484375,280.9800109863281,277.3323669433594,26120100
2021-07-14 00:00:00-04:00,282.3500061035156,283.6600036621094,280.54998779296875,282.510009765625,278.842529296875,23113700
2021-07-15 00:00:00-04:00,282.0,282.510009765625,279.8299865722656,281.0299987792969,277.3816833496094,22604200
2021-07-16 00:00:00-04:00,282.07000732421875,284.1000061035156,279.4599914550781,280.75,277.1053161621094,26186800
2021-07-19 00:00:00-04:00,278.92999267578125,280.3699951171875,274.45001220703125,277.010009765625,273.4138488769531,32935600
2021-07-20 00:00:00-04:00,278.0299987792969,280.9700012207031,276.260009765625,279.32000732421875,275.6939392089844,26259700
2021-07-21 00:00:00-04:00,278.8999938964844,281.5199890136719,277.2900085449219,281.3999938964844,277.74688720703125,24364300
2021-07-22 00:00:00-04:00,283.8399963378906,286.4200134277344,283.4200134277344,286.1400146484375,282.4253845214844,23384100
2021-07-23 00:00:00-04:00,287.3699951171875,289.989990234375,286.5,289.6700134277344,285.9095153808594,22768100
2021-07-26 00:00:00-04:00,289.0,289.69000244140625,286.6400146484375,289.04998779296875,285.297607421875,23176100
2021-07-27 00:00:00-04:00,289.42999267578125,289.5799865722656,282.95001220703125,286.5400085449219,282.8201904296875,33604100
2021-07-28 00:00:00-04:00,288.989990234375,290.1499938964844,283.8299865722656,286.2200012207031,282.50433349609375,33566900
2021-07-29 00:00:00-04:00,286.239990234375,288.6199951171875,286.0799865722656,286.5,282.7806701660156,18168300
2021-07-30 00:00:00-04:00,285.1700134277344,286.6600036621094,283.9100036621094,284.9100036621094,281.21136474609375,20944800
2021-08-02 00:00:00-04:00,286.3599853515625,286.7699890136719,283.739990234375,284.82000732421875,281.12249755859375,16267400
2021-08-03 00:00:00-04:00,285.4200134277344,287.2300109863281,284.0,287.1199951171875,283.3926086425781,17879000
2021-08-04 00:00:00-04:00,286.2200012207031,287.5899963378906,284.6499938964844,286.510009765625,282.79052734375,16191300
2021-08-05 00:00:00-04:00,286.8800048828125,289.6300048828125,286.1000061035156,289.5199890136719,285.7614440917969,13900200
2021-08-06 00:00:00-04:00,288.510009765625,289.5,287.6199951171875,289.4599914550781,285.7022399902344,16589300
2021-08-09 00:00:00-04:00,289.75,291.54998779296875,287.80999755859375,288.3299865722656,284.5869140625,16117600
2021-08-10 00:00:00-04:00,288.79998779296875,289.25,285.20001220703125,286.44000244140625,282.72149658203125,18616600
2021-08-11 00:00:00-04:00,287.2099914550781,288.6600036621094,285.8599853515625,286.95001220703125,283.224853515625,13955900
2021-08-12 00:00:00-04:00,286.6300048828125,289.9700012207031,286.3399963378906,289.80999755859375,286.0477294921875,14561300
2021-08-13 00:00:00-04:00,289.4800109863281,292.8999938964844,289.29998779296875,292.8500061035156,289.0482482910156,18249000
2021-08-16 00:00:00-04:00,293.19000244140625,294.82000732421875,290.0199890136719,294.6000061035156,290.7755432128906,22507600
2021-08-17 00:00:00-04:00,292.3900146484375,293.42999267578125,291.0799865722656,293.0799865722656,289.27520751953125,20075300
2021-08-18 00:00:00-04:00,292.0400085449219,294.82000732421875,290.2699890136719,290.7300109863281,287.5051574707031,21813000
2021-08-19 00:00:00-04:00,288.69000244140625,297.4700012207031,288.6400146484375,296.7699890136719,293.4781188964844,29850500
2021-08-20 00:00:00-04:00,299.7200012207031,305.8399963378906,298.05999755859375,304.3599853515625,300.9839172363281,40817600
2021-08-23 00:00:00-04:00,303.25,305.3999938964844,301.8500061035156,304.6499938964844,301.2707214355469,22830200
2021-08-24 00:00:00-04:00,305.0199890136719,305.6499938964844,302.0,302.6199951171875,299.26318359375,18175800
2021-08-25 00:00:00-04:00,304.29998779296875,304.5899963378906,300.4200134277344,302.010009765625,298.6600036621094,20006100
2021-08-26 00:00:00-04:00,300.989990234375,302.42999267578125,298.95001220703125,299.0899963378906,295.7723693847656,17666100
2021-08-27 00:00:00-04:00,298.989990234375,300.8699951171875,296.8299865722656,299.7200012207031,296.3953857421875,22605700
2021-08-30 00:00:00-04:00,301.1199951171875,304.2200012207031,301.05999755859375,303.5899963378906,300.2224426269531,16348100
2021-08-31 00:00:00-04:00,304.4200134277344,304.5,301.5,301.8800048828125,298.53143310546875,26285300
2021-09-01 00:00:00-04:00,302.8699951171875,305.19000244140625,301.489990234375,301.8299865722656,298.4819641113281,18983800
2021-09-02 00:00:00-04:00,302.20001220703125,303.3599853515625,300.17999267578125,301.1499938964844,297.80950927734375,16285600
2021-09-03 00:00:00-04:00,300.989990234375,302.6000061035156,300.260009765625,301.1400146484375,297.7996520996094,14747900
2021-09-07 00:00:00-04:00,301.010009765625,301.0899963378906,298.20001220703125,300.17999267578125,296.85028076171875,17180400
2021-09-08 00:00:00-04:00,299.7799987792969,300.6099853515625,297.4700012207031,300.2099914550781,296.87994384765625,15046800
2021-09-09 00:00:00-04:00,300.82000732421875,302.1400146484375,297.0,297.25,293.9527893066406,19927000
2021-09-10 00:00:00-04:00,298.4200134277344,299.9200134277344,295.3800048828125,295.7099914550781,292.4298095703125,19633400
2021-09-13 00:00:00-04:00,297.54998779296875,298.5400085449219,294.0799865722656,296.989990234375,293.69561767578125,23652900
2021-09-14 00:00:00-04:00,299.55999755859375,301.3900146484375,298.1000061035156,299.7900085449219,296.4646301269531,21853400
2021-09-15 00:00:00-04:00,303.260009765625,305.32000732421875,301.82000732421875,304.82000732421875,301.4388427734375,28356300
2021-09-16 00:00:00-04:00,303.760009765625,305.30999755859375,300.760009765625,305.2200012207031,301.8343811035156,19550800
2021-09-17 00:00:00-04:00,304.1700134277344,304.5,299.5299987792969,299.8699951171875,296.543701171875,41372500
2021-09-20 00:00:00-04:00,296.3299865722656,298.7200012207031,289.5199890136719,294.29998779296875,291.0354919433594,38278700
2021-09-21 00:00:00-04:00,295.69000244140625,297.5400085449219,294.07000732421875,294.79998779296875,291.5299377441406,22364100
2021-09-22 00:00:00-04:00,296.7300109863281,300.2200012207031,294.510009765625,298.5799865722656,295.2680358886719,26626300
2021-09-23 00:00:00-04:00,298.8500061035156,300.8999938964844,297.5299987792969,299.55999755859375,296.2371826171875,18604600
2021-09-24 00:00:00-04:00,298.2300109863281,299.79998779296875,296.92999267578125,299.3500061035156,296.02947998046875,14999000
2021-09-27 00:00:00-04:00,296.1400146484375,296.4700012207031,292.94000244140625,294.1700134277344,290.9069519042969,23571700
2021-09-28 00:00:00-04:00,289.79998779296875,290.7799987792969,282.75,283.5199890136719,280.3750915527344,43186200
2021-09-29 00:00:00-04:00,285.1000061035156,286.7699890136719,283.010009765625,284.0,280.84979248046875,26353700
2021-09-30 00:00:00-04:00,285.7099914550781,287.8299865722656,281.6199951171875,281.9200134277344,278.7928161621094,32343600
2021-10-01 00:00:00-04:00,282.1199951171875,289.9800109863281,281.2900085449219,289.1000061035156,285.8931884765625,30086300
2021-10-04 00:00:00-04:00,287.3999938964844,287.75,280.25,283.1099853515625,279.9696044921875,31350700
2021-10-05 00:00:00-04:00,284.04998779296875,290.3999938964844,284.04998779296875,288.760009765625,285.55694580078125,24993000
2021-10-06 00:00:00-04:00,285.7799987792969,293.6300048828125,285.510009765625,293.1099853515625,289.85870361328125,28002600
2021-10-07 00:00:00-04:00,295.17999267578125,296.6400146484375,293.9200134277344,294.8500061035156,291.57940673828125,20430500
2021-10-08 00:00:00-04:00,296.2200012207031,296.6400146484375,293.760009765625,294.8500061035156,291.57940673828125,17685700
2021-10-11 00:00:00-04:00,292.9200134277344,297.9700012207031,292.75,294.2300109863281,290.96630859375,19298600
2021-10-12 00:00:00-04:00,295.3399963378906,295.44000244140625,292.3500061035156,292.8800048828125,289.6312561035156,17974100
2021-10-13 00:00:00-04:00,294.9100036621094,297.2799987792969,293.489990234375,296.30999755859375,293.0232238769531,23416300
2021-10-14 00:00:00-04:00,299.2099914550781,303.2699890136719,297.8299865722656,302.75,299.39178466796875,27262900
2021-10-15 00:00:00-04:00,302.3399963378906,304.45001220703125,300.5199890136719,304.2099914550781,300.8356018066406,25384800
2021-10-18 00:00:00-04:00,303.57000732421875,308.2099914550781,302.69000244140625,307.2900085449219,303.8814392089844,22729300
2021-10-19 00:00:00-04:00,308.3500061035156,309.29998779296875,307.2200012207031,308.2300109863281,304.81097412109375,17682100
2021-10-20 00:00:00-04:00,309.2099914550781,309.70001220703125,306.1099853515625,307.4100036621094,304.0000915527344,16537100
2021-10-21 00:00:00-04:00,307.1700134277344,311.0199890136719,306.3599853515625,310.760009765625,307.31292724609375,16918100
2021-10-22 00:00:00-04:00,310.3999938964844,311.0899963378906,307.79998779296875,309.1600036621094,305.7306823730469,17449300
2021-10-25 00:00:00-04:00,309.3599853515625,309.3999938964844,306.4599914550781,308.1300048828125,304.71209716796875,17554500
2021-10-26 00:00:00-04:00,311.0,312.3999938964844,308.6000061035156,310.1099853515625,306.67010498046875,28107300
2021-10-27 00:00:00-04:00,316.0,326.1000061035156,316.0,323.1700134277344,319.5853271484375,52588700
2021-10-28 00:00:00-04:00,324.3299865722656,324.8699951171875,321.3599853515625,324.3500061035156,320.752197265625,26297900
2021-10-29 00:00:00-04:00,324.1300048828125,332.0,323.8999938964844,331.6199951171875,327.9415283203125,34766000
2021-11-01 00:00:00-04:00,331.3599853515625,331.489990234375,326.3699951171875,329.3699951171875,325.71649169921875,27073200
2021-11-02 00:00:00-04:00,330.30999755859375,333.45001220703125,330.0,333.1300048828125,329.434814453125,26487100
2021-11-03 00:00:00-04:00,333.8999938964844,334.8999938964844,330.6499938964844,334.0,330.2951354980469,21500100
2021-11-04 00:00:00-04:00,332.8900146484375,336.5400085449219,329.510009765625,336.44000244140625,332.7080993652344,23992200
2021-11-05 00:00:00-04:00,338.510009765625,338.7900085449219,334.4200134277344,336.05999755859375,332.3323059082031,22570100
2021-11-08 00:00:00-05:00,337.29998779296875,337.6499938964844,334.44000244140625,336.989990234375,333.2519836425781,20897000
2021-11-09 00:00:00-05:00,337.1099853515625,338.7200012207031,334.5299987792969,335.95001220703125,332.2235107421875,21307400
2021-11-10 00:00:00-05:00,334.57000732421875,334.6300048828125,329.9200134277344,330.79998779296875,327.1306457519531,25500900
2021-11-11 00:00:00-05:00,331.25,333.7699890136719,330.510009765625,332.42999267578125,328.7425537109375,16849800
2021-11-12 00:00:00-05:00,333.9200134277344,337.2300109863281,333.7900085449219,336.7200012207031,332.9849853515625,23831000
2021-11-15 00:00:00-05:00,337.5400085449219,337.8800048828125,334.0299987792969,336.07000732421875,332.3421630859375,16723000
2021-11-16 00:00:00-05:00,335.67999267578125,340.6700134277344,335.510009765625,339.510009765625,335.7440490722656,20886800
2021-11-17 00:00:00-05:00,338.94000244140625,342.19000244140625,338.0,339.1199951171875,335.9718933105469,19053400
2021-11-18 00:00:00-05:00,338.17999267578125,342.45001220703125,337.1199951171875,341.2699890136719,338.1019287109375,22463500
2021-11-19 00:00:00-05:00,342.6400146484375,345.1000061035156,342.20001220703125,343.1099853515625,339.9248046875,21963400
2021-11-22 00:00:00-05:00,344.6199951171875,349.6700134277344,339.54998779296875,339.8299865722656,336.6752624511719,31031100
2021-11-23 00:00:00-05:00,337.04998779296875,339.45001220703125,333.55999755859375,337.67999267578125,334.54522705078125,30427600
2021-11-24 00:00:00-05:00,336.2799987792969,338.1600036621094,333.9100036621094,337.9100036621094,334.7731018066406,21661300
2021-11-26 00:00:00-05:00,334.3500061035156,337.92999267578125,328.1199951171875,329.67999267578125,326.6195068359375,24217200
2021-11-29 00:00:00-05:00,334.94000244140625,339.0299987792969,334.739990234375,336.6300048828125,333.5050048828125,28563500
2021-11-30 00:00:00-05:00,335.32000732421875,337.7799987792969,328.989990234375,330.5899963378906,327.5210876464844,42885600
2021-12-01 00:00:00-05:00,335.1300048828125,339.2799987792969,329.3900146484375,330.0799865722656,327.0157775878906,33337600
2021-12-02 00:00:00-05:00,330.29998779296875,333.489990234375,327.79998779296875,329.489990234375,326.4313049316406,30766000
2021-12-03 00:00:00-05:00,331.989990234375,332.70001220703125,318.0299987792969,323.010009765625,320.0114440917969,41779300
2021-12-06 00:00:00-05:00,323.95001220703125,327.45001220703125,319.2300109863281,326.19000244140625,323.16192626953125,30032600
2021-12-07 00:00:00-05:00,331.6400146484375,335.79998779296875,330.1000061035156,334.9200134277344,331.8108825683594,31021900
2021-12-08 00:00:00-05:00,335.30999755859375,335.5,330.79998779296875,334.9700012207031,331.86041259765625,24761000
2021-12-09 00:00:00-05:00,334.4100036621094,336.489990234375,332.1199951171875,333.1000061035156,330.0077819824219,22214200
2021-12-10 00:00:00-05:00,334.9800109863281,343.0,334.7900085449219,342.5400085449219,339.3601379394531,38095700
2021-12-13 00:00:00-05:00,340.67999267578125,343.7900085449219,339.0799865722656,339.3999938964844,336.2492980957031,28899400
2021-12-14 00:00:00-05:00,333.2200012207031,334.6400146484375,324.1099853515625,328.3399963378906,325.2919921875,44438700
2021-12-15 00:00:00-05:00,328.6099853515625,335.19000244140625,324.5,334.6499938964844,331.5433654785156,35381100
2021-12-16 00:00:00-05:00,335.7099914550781,336.760009765625,323.0199890136719,324.8999938964844,321.8838806152344,35034800
2021-12-17 00:00:00-05:00,320.8800048828125,324.9200134277344,317.25,323.79998779296875,320.7940979003906,47750300
2021-12-20 00:00:00-05:00,320.04998779296875,322.79998779296875,317.57000732421875,319.9100036621094,316.94024658203125,28326500
2021-12-21 00:00:00-05:00,323.2900085449219,327.7300109863281,319.79998779296875,327.2900085449219,324.251708984375,24740600
2021-12-22 00:00:00-05:00,328.29998779296875,333.6099853515625,325.75,333.20001220703125,330.10687255859375,24831500
2021-12-23 00:00:00-05:00,332.75,336.3900146484375,332.7300109863281,334.69000244140625,331.5830078125,19617800
2021-12-27 00:00:00-05:00,335.4599914550781,342.4800109863281,335.42999267578125,342.45001220703125,339.2709655761719,19947000
2021-12-28 00:00:00-05:00,343.1499938964844,343.80999755859375,340.32000732421875,341.25,338.0821228027344,15661500
2021-12-29 00:00:00-05:00,341.29998779296875,344.29998779296875,339.67999267578125,341.95001220703125,338.775634765625,15042000
2021-12-30 00:00:00-05:00,341.9100036621094,343.1300048828125,338.82000732421875,339.32000732421875,336.1700134277344,15994500
2021-12-31 00:00:00-05:00,338.510009765625,339.3599853515625,335.8500061035156,336.32000732421875,333.1979064941406,18000800
2022-01-03 00:00:00-05:00,335.3500061035156,338.0,329.7799987792969,334.75,331.6424560546875,28865100
2022-01-04 00:00:00-05:00,334.8299865722656,335.20001220703125,326.1199951171875,329.010009765625,325.9557800292969,32674300
2022-01-05 00:00:00-05:00,325.8599853515625,326.07000732421875,315.9800109863281,316.3800048828125,313.4430236816406,40054300
2022-01-06 00:00:00-05:00,313.1499938964844,318.70001220703125,311.489990234375,313.8800048828125,310.9662170410156,39646100
2022-01-07 00:00:00-05:00,314.1499938964844,316.5,310.0899963378906,314.0400085449219,311.12469482421875,32720000
2022-01-10 00:00:00-05:00,309.489990234375,314.7200012207031,304.69000244140625,314.2699890136719,311.3525695800781,44289500
2022-01-11 00:00:00-05:00,313.3800048828125,316.6099853515625,309.8900146484375,314.9800109863281,312.0559997558594,29386800
2022-01-12 00:00:00-05:00,319.6700134277344,323.4100036621094,317.0799865722656,318.2699890136719,315.3154296875,34372200
2022-01-13 00:00:00-05:00,320.4700012207031,320.8800048828125,304.0,304.79998779296875,301.9704895019531,45366000
2022-01-14 00:00:00-05:00,304.25,310.82000732421875,303.75,310.20001220703125,307.32037353515625,39846400
2022-01-18 00:00:00-05:00,304.07000732421875,309.79998779296875,301.739990234375,302.6499938964844,299.8404235839844,42333200
2022-01-19 00:00:00-05:00,306.2900085449219,313.9100036621094,302.70001220703125,303.3299865722656,300.5141296386719,45933900
2022-01-20 00:00:00-05:00,309.07000732421875,311.6499938964844,301.1400146484375,301.6000061035156,298.8002014160156,35380700
2022-01-21 00:00:00-05:00,302.69000244140625,304.1099853515625,295.6099853515625,296.0299987792969,293.2818908691406,57984400
2022-01-24 00:00:00-05:00,292.20001220703125,297.1099853515625,276.04998779296875,296.3699951171875,293.6187438964844,85731500
2022-01-25 00:00:00-05:00,291.5199890136719,294.989990234375,285.1700134277344,288.489990234375,285.8118896484375,72848600
2022-01-26 00:00:00-05:00,307.989990234375,308.5,293.0299987792969,296.7099914550781,293.95556640625,90428900
2022-01-27 00:00:00-05:00,302.6600036621094,307.29998779296875,297.92999267578125,299.8399963378906,297.0565490722656,53481300
2022-01-28 00:00:00-05:00,300.2300109863281,308.4800109863281,294.45001220703125,308.260009765625,305.39837646484375,49743700
2022-01-31 00:00:00-05:00,308.95001220703125,312.3800048828125,306.3699951171875,310.9800109863281,308.0931396484375,46444500
2022-02-01 00:00:00-05:00,310.4100036621094,310.6300048828125,305.1300048828125,308.760009765625,305.89373779296875,40950400
2022-02-02 00:00:00-05:00,309.6300048828125,315.1199951171875,308.8800048828125,313.4599914550781,310.5500793457031,36636000
2022-02-03 00:00:00-05:00,309.489990234375,311.2300109863281,299.9599914550781,301.25,298.45343017578125,43730000
2022-02-04 00:00:00-05:00,300.2099914550781,308.79998779296875,299.9700012207031,305.94000244140625,303.0998840332031,35096500
2022-02-07 00:00:00-05:00,306.1700134277344,307.8399963378906,299.8999938964844,300.95001220703125,298.15625,28533300
2022-02-08 00:00:00-05:00,301.25,305.55999755859375,299.95001220703125,304.55999755859375,301.7326965332031,32421200
2022-02-09 00:00:00-05:00,309.8699951171875,311.92999267578125,307.3900146484375,311.2099914550781,308.3209533691406,31284700
2022-02-10 00:00:00-05:00,304.0400085449219,309.1199951171875,300.70001220703125,302.3800048828125,299.5729675292969,45386200
2022-02-11 00:00:00-05:00,303.19000244140625,304.2900085449219,294.2200012207031,295.0400085449219,292.30108642578125,39175600
2022-02-14 00:00:00-05:00,293.7699890136719,296.760009765625,291.3500061035156,295.0,292.261474609375,36359500
2022-02-15 00:00:00-05:00,300.010009765625,300.79998779296875,297.0199890136719,300.4700012207031,297.6806945800781,27058300
2022-02-16 00:00:00-05:00,298.3699951171875,300.8699951171875,293.67999267578125,299.5,297.33319091796875,29982100
2022-02-17 00:00:00-05:00,296.3599853515625,296.79998779296875,290.0,290.7300109863281,288.6266784667969,32461600
2022-02-18 00:00:00-05:00,293.04998779296875,293.8599853515625,286.30999755859375,287.92999267578125,285.846923828125,34264000
2022-02-22 00:00:00-05:00,285.0,291.5400085449219,284.5,287.7200012207031,285.6384582519531,41736100
2022-02-23 00:00:00-05:00,290.17999267578125,291.70001220703125,280.1000061035156,280.2699890136719,278.2423095703125,37811200
2022-02-24 00:00:00-05:00,272.510009765625,295.1600036621094,271.5199890136719,294.5899963378906,292.4587097167969,56989700
2022-02-25 00:00:00-05:00,295.1400146484375,297.6300048828125,291.6499938964844,297.30999755859375,295.1590881347656,32546700
2022-02-28 00:00:00-05:00,294.30999755859375,299.1400146484375,293.0,298.7900085449219,296.62835693359375,34627500
2022-03-01 00:00:00-05:00,296.3999938964844,299.9700012207031,292.1499938964844,294.95001220703125,292.816162109375,31217800
2022-03-02 00:00:00-05:00,295.3599853515625,301.4700012207031,293.70001220703125,300.19000244140625,298.01824951171875,31873000
2022-03-03 00:00:00-05:00,302.8900146484375,303.1300048828125,294.04998779296875,295.9200134277344,293.7791442871094,27314500
2022-03-04 00:00:00-05:00,294.2900085449219,295.6600036621094,287.1700134277344,289.8599853515625,287.762939453125,32356500
2022-03-07 00:00:00-05:00,288.5299987792969,289.69000244140625,278.5299987792969,278.9100036621094,276.8921813964844,43157200
2022-03-08 00:00:00-05:00,277.79998779296875,283.9599914550781,270.0,275.8500061035156,273.85430908203125,48159500
2022-03-09 00:00:00-05:00,283.44000244140625,289.6000061035156,280.7799987792969,288.5,286.4128112792969,35204500
2022-03-10 00:00:00-05:00,283.0199890136719,286.6000061035156,280.5799865722656,285.5899963378906,283.52386474609375,30628000
2022-03-11 00:00:00-05:00,287.9599914550781,289.510009765625,279.42999267578125,280.07000732421875,278.0437927246094,27209300
2022-03-14 00:00:00-04:00,280.3399963378906,285.3999938964844,275.82000732421875,276.44000244140625,274.4400634765625,30660700
2022-03-15 00:00:00-04:00,280.3500061035156,287.82000732421875,278.7300109863281,287.1499938964844,285.07257080078125,34245100
2022-03-16 00:00:00-04:00,289.1099853515625,294.57000732421875,283.20001220703125,294.3900146484375,292.26019287109375,37826300
2022-03-17 00:00:00-04:00,293.2900085449219,295.6099853515625,289.3699951171875,295.2200012207031,293.08416748046875,30816600
2022-03-18 00:00:00-04:00,295.3699951171875,301.0,292.7300109863281,300.42999267578125,298.2565002441406,43390600
2022-03-21 00:00:00-04:00,298.8900146484375,300.1400146484375,294.8999938964844,299.1600036621094,296.9956970214844,28351200
2022-03-22 00:00:00-04:00,299.79998779296875,305.0,298.7699890136719,304.05999755859375,301.8602294921875,27599700
2022-03-23 00:00:00-04:00,300.510009765625,303.2300109863281,297.7200012207031,299.489990234375,297.3232727050781,25715400
2022-03-24 00:00:00-04:00,299.1400146484375,304.20001220703125,298.32000732421875,304.1000061035156,301.89996337890625,24484500
2022-03-25 00:00:00-04:00,305.2300109863281,305.5,299.2900085449219,303.67999267578125,301.48297119140625,22566500
2022-03-28 00:00:00-04:00,304.3299865722656,310.79998779296875,304.3299865722656,310.70001220703125,308.45220947265625,29578200
2022-03-29 00:00:00-04:00,313.9100036621094,315.82000732421875,309.04998779296875,315.4100036621094,313.12811279296875,30393400
2022-03-30 00:00:00-04:00,313.760009765625,315.95001220703125,311.5799865722656,313.8599853515625,311.5893249511719,28163600
2022-03-31 00:00:00-04:00,313.8999938964844,315.1400146484375,307.8900146484375,308.30999755859375,306.0794677734375,33422100
2022-04-01 00:00:00-04:00,309.3699951171875,310.1300048828125,305.5400085449219,309.4200134277344,307.18145751953125,27110500
2022-04-04 00:00:00-04:00,310.0899963378906,315.1099853515625,309.7099914550781,314.9700012207031,312.6913146972656,24289600
2022-04-05 00:00:00-04:00,313.2699890136719,314.8699951171875,309.8699951171875,310.8800048828125,308.6308898925781,23156700
2022-04-06 00:00:00-04:00,305.19000244140625,307.0,296.7099914550781,299.5,297.33319091796875,40110400
2022-04-07 00:00:00-04:00,296.6600036621094,303.6499938964844,296.3500061035156,301.3699951171875,299.1896667480469,31411200
2022-04-08 00:00:00-04:00,300.44000244140625,301.1199951171875,296.2799987792969,296.9700012207031,294.8215026855469,24361900
2022-04-11 00:00:00-04:00,291.7900085449219,292.6099853515625,285.0,285.260009765625,283.1962890625,34569300
2022-04-12 00:00:00-04:00,289.239990234375,290.739990234375,280.489990234375,282.05999755859375,280.0194091796875,30966700
2022-04-13 00:00:00-04:00,282.7300109863281,288.5799865722656,281.29998779296875,287.6199951171875,285.5391540527344,21907200
2022-04-14 00:00:00-04:00,288.0899963378906,288.30999755859375,279.32000732421875,279.8299865722656,277.8055419921875,28221600
2022-04-18 00:00:00-04:00,278.9100036621094,282.4599914550781,278.3399963378906,280.5199890136719,278.49053955078125,20778000
2022-04-19 00:00:00-04:00,279.3800048828125,286.1700134277344,278.4100036621094,285.29998779296875,283.2359619140625,22297700
2022-04-20 00:00:00-04:00,289.3999938964844,289.70001220703125,285.3699951171875,286.3599853515625,284.28826904296875,22906700
2022-04-21 00:00:00-04:00,288.5799865722656,293.29998779296875,280.05999755859375,280.80999755859375,278.7784118652344,29454600
2022-04-22 00:00:00-04:00,281.67999267578125,283.20001220703125,273.3800048828125,274.0299987792969,272.0474853515625,29405800
2022-04-25 00:00:00-04:00,273.2900085449219,281.1099853515625,270.7699890136719,280.7200012207031,278.6890869140625,35678900
2022-04-26 00:00:00-04:00,277.5,278.3599853515625,270.0,270.2200012207031,268.26507568359375,46518400
2022-04-27 00:00:00-04:00,282.1000061035156,290.9700012207031,279.1600036621094,283.2200012207031,281.1710205078125,63477700
2022-04-28 00:00:00-04:00,285.19000244140625,290.9800109863281,281.4599914550781,289.6300048828125,287.5346374511719,33646600
2022-04-29 00:00:00-04:00,288.6099853515625,289.8800048828125,276.5,277.5199890136719,275.51220703125,37073900
2022-05-02 00:00:00-04:00,277.7099914550781,284.94000244140625,276.2200012207031,284.4700012207031,282.4119567871094,35151100
2022-05-03 00:00:00-04:00,283.9599914550781,284.1300048828125,280.1499938964844,281.7799987792969,279.7414245605469,25978600
2022-05-04 00:00:00-04:00,282.5899963378906,290.8800048828125,276.7300109863281,289.9800109863281,287.8821105957031,33599300
2022-05-05 00:00:00-04:00,285.5400085449219,286.3500061035156,274.3399963378906,277.3500061035156,275.3434753417969,43260400
2022-05-06 00:00:00-04:00,274.80999755859375,279.25,271.2699890136719,274.7300109863281,272.742431640625,37780300
2022-05-09 00:00:00-04:00,270.05999755859375,272.3599853515625,263.32000732421875,264.5799865722656,262.6658630371094,47726000
2022-05-10 00:00:00-04:00,271.69000244140625,273.75,265.07000732421875,269.5,267.5502624511719,39336400
2022-05-11 00:00:00-04:00,265.67999267578125,271.3599853515625,259.29998779296875,260.54998779296875,258.6650085449219,48975900
2022-05-12 00:00:00-04:00,257.69000244140625,259.8800048828125,250.02000427246094,255.35000610351562,253.5026397705078,51033800
2022-05-13 00:00:00-04:00,257.3500061035156,263.0400085449219,255.35000610351562,261.1199951171875,259.2309265136719,34925100
2022-05-16 00:00:00-04:00,259.9599914550781,265.82000732421875,255.77999877929688,261.5,259.608154296875,32550900
2022-05-17 00:00:00-04:00,266.1099853515625,268.3299865722656,262.4599914550781,266.82000732421875,264.8896789550781,28828800
2022-05-18 00:00:00-04:00,263.0,263.6000061035156,252.77000427246094,254.0800018310547,252.82933044433594,31356000
2022-05-19 00:00:00-04:00,253.89999389648438,257.6700134277344,251.8800048828125,253.13999938964844,251.89395141601562,32692300
2022-05-20 00:00:00-04:00,257.239990234375,258.5400085449219,246.44000244140625,252.55999755859375,251.31680297851562,39199300
2022-05-23 00:00:00-04:00,255.49000549316406,261.5,253.42999267578125,260.6499938964844,259.3669738769531,33175400
2022-05-24 00:00:00-04:00,257.8900146484375,261.3299865722656,253.5,259.6199951171875,258.342041015625,29043900
2022-05-25 00:00:00-04:00,258.1400146484375,264.5799865722656,257.1300048828125,262.5199890136719,261.227783203125,28547900
2022-05-26 00:00:00-04:00,262.2699890136719,267.1099853515625,261.42999267578125,265.8999938964844,264.59112548828125,25002100
2022-05-27 00:00:00-04:00,268.4800109863281,273.3399963378906,267.55999755859375,273.239990234375,271.8949890136719,26910800
2022-05-31 00:00:00-04:00,272.5299987792969,274.7699890136719,268.92999267578125,271.8699951171875,270.5317687988281,37827700
2022-06-01 00:00:00-04:00,275.20001220703125,277.69000244140625,270.0400085449219,272.4200134277344,271.07904052734375,25292200
2022-06-02 00:00:00-04:00,264.45001220703125,274.6499938964844,261.6000061035156,274.5799865722656,273.2283935546875,44008200
2022-06-03 00:00:00-04:00,270.30999755859375,273.45001220703125,268.4100036621094,270.0199890136719,268.69085693359375,28059000
2022-06-06 00:00:00-04:00,272.05999755859375,274.17999267578125,267.2200012207031,268.75,267.4270935058594,22400300
2022-06-07 00:00:00-04:00,266.6400146484375,273.1300048828125,265.94000244140625,272.5,271.1586608886719,22860700
2022-06-08 00:00:00-04:00,271.7099914550781,273.0,269.6099853515625,270.4100036621094,269.0789489746094,17372300
2022-06-09 00:00:00-04:00,267.7799987792969,272.7099914550781,264.6300048828125,264.7900085449219,263.48663330078125,26439700
2022-06-10 00:00:00-04:00,260.5799865722656,260.5799865722656,252.52999877929688,252.99000549316406,251.74468994140625,31422800
